CHM2046
62.00;86.56;84.47;96.58;84.08;70.31;89.58;84.69;97.08;63.17;68.67;82.50;89.94;64.81;64.92;86.72;71.78;85.69;93.92;96.56;86.39;57.17;57.31;83.86;87.00;92.92;76.72
Assignments
Category
Homework
Homework 1;20;8/19
11;18;16;21;15;12;16;15;18;13;12;16;15;12;12;18;15;19;19;20;19;12;12;16;18;17;16
Homework 2;20;8/26
13;16;16;19;15;15;19;17;19;14;15;15;18;11;14;18;13;19;16;19;19;10;11;19;18;19;14
Homework 3;20;9/3
13;19;18;18;15;12;16;15;19;14;14;16;19;11;12;18;17;18;19;18;16;13;14;17;18;20;14
Homework 4;20;9/10
11;16;18;18;17;12;17;18;19;13;14;16;18;14;12;17;17;19;18;19;18;13;14;18;17;19;16
Homework 5;20;9/17
11;18;15;17;15;14;17;17;21;15;13;18;18;12;14;15;15;18;18;18;17;11;10;19;17;17;17
Homework 6;20;9/24
10;16;18;19;18;13;15;18;19;11;13;15;15;14;14;17;16;18;20;18;18;10;14;19;16;19;17
Homework 7;20;10/1
11;17;16;19;17;12;18;18;19;14;12;17;16;14;13;18;15;17;17;18;16;12;12;16;17;18;17
Homework 8;20;10/8
14;16;15;19;17;14;16;16;18;12;15;17;15;11;15;18;14;18;17;18;19;10;10;16;16;19;15
Homework 9;20;10/15
14;18;16;18;15;14;16;18;19;14;12;17;18;13;14;18;15;18;18;21;15;11;12;18;16;17;16
Category
Tests
Test 1;100;9/1
62;89;84;97;86;75;93;80;100;61;70;80;93;66;66;93;67;84;99;97;92;53;54;81;82;100;72
Test 2;100;10/2
63;84;93;100;88;76;96;90;100;61;74;91;97;69;62;83;68;81;99;100;81;59;55;81;97;86;75
Category
Quizzes
Quiz 1;30;8/23
18;27;25;31;24;19;26;27;26;18;18;23;23;20;20;24;25;26;25;31;24;20;18;27;23;27;27
Quiz 2;30;9/8
21;27;26;31;23;18;29;28;29;20;19;24;26;20;19;24;23;28;24;30;28;16;19;26;24;27;23
Quiz 3;30;9/23
17;29;22;31;23;19;26;28;31;19;23;26;27;20;18;29;24;24;26;31;26;16;16;24;28;26;26
Quiz 4;30;10/8
19;26;23;29;25;18;29;28;30;21;22;23;28;18;18;28;22;28;28;28;24;20;18;28;27;30;27
Category
Attendance
Attendance 1;10;8/16
7;8;7;9;8;7;8;8;10;6;6;7;9;6;7;8;7;9;8;9;8;6;6;8;8;9;7
Attendance 2;10;8/23
7;8;7;10;9;7;8;8;9;6;6;8;9;6;7;7;8;8;9;9;8;5;6;8;9;10;8
Attendance 3;10;8/30
5;9;9;10;8;6;8;8;9;6;5;8;8;6;7;8;7;9;8;9;9;7;5;8;7;10;7
Attendance 4;10;9/7
6;9;9;8;8;7;9;8;9;7;5;7;8;7;7;9;7;8;10;9;9;6;6;9;8;9;7
Attendance 5;10;9/14
6;9;7;10;8;7;8;7;8;7;7;8;8;5;7;7;8;8;9;10;9;6;6;8;9;10;8
Attendance 6;10;9/21
7;8;7;9;9;7;8;8;9;6;7;7;8;5;6;8;7;8;9;9;8;5;7;9;9;9;9
Attendance 7;10;9/28
6;9;9;9;9;6;8;9;10;6;6;8;8;6;6;8;8;9;9;10;8;6;5;8;9;10;8
Attendance 8;10;10/5
6;8;8;8;8;7;8;7;9;6;7;8;9;7;6;9;8;9;9;9;9;6;6;9;7;10;8
Attendance 9;10;10/12
7;9;7;10;9;6;9;8;9;7;6;7;9;6;7;9;7;9;9;9;9;7;7;9;9;9;8
New
