COP3530
71.15;65.75;83.15;64.95;88.05;82.95;57.35;79.80;69.05;93.95;87.40;91.85;71.35;68.60;70.50;68.20;77.60;63.75;93.95;85.15;93.80;62.05;64.05;84.25;95.30;75.50;66.95;71.15;70.55;75.70;64.45;90.25;88.20
Assignments
Category
Projects
Project 1;50;9/1
30;29;40;32;46;41;28;36;34;47;45;47;36;33;33;32;36;30;47;42;45;33;35;40;49;38;29;33;35;42;30;43;45
Project 2;50;10/2
37;29;42;30;49;38;26;38;35;51;39;47;35;36;31;34;40;33;47;44;48;31;28;41;45;34;35;37;34;35;30;50;43
Category
Homework
Homework 1;20;8/23
12;11;15;11;17;18;11;17;15;17;18;20;14;15;13;15;16;11;17;15;18;12;12;17;18;13;13;14;15;16;12;18;16
Homework 2;20;9/8
12;11;17;15;16;19;12;16;14;20;16;17;13;15;12;16;14;14;17;17;18;11;13;16;17;14;11;13;13;17;15;19;16
Homework 3;20;9/23
16;14;14;12;19;17;12;18;14;17;15;19;15;12;14;14;16;14;19;18;20;11;13;17;19;13;12;13;16;14;12;17;15
Homework 4;20;10/8
15;15;17;13;17;17;12;17;14;17;15;17;13;14;15;15;14;12;18;17;20;11;11;15;20;14;11;15;15;15;14;19;17
Category
Tests
Test 1;100;9/1
77;77;85;76;84;85;62;91;63;88;98;96;70;69;81;64;85;56;98;79;93;63;72;89;96;84;76;73;72;74;67;87;92
Test 2;100;10/2
76;72;88;61;80;83;58;75;73;97;91;84;76;66;76;70;76;73;95;91;95;63;61;89;100;82;72;74;69;73;69;87;93
New
