Course
PHY2048
-1;-1;-1;-1;-1;-1;-1;-1;-1;-1;-1;-1;-1;-1;-1;-1;-1;-1;-1;-1;-1;-1;-1;-1;-1;-1;-1;-1;-1;-1;-1;-1;-1;
Assignments
Catagory
Homework
Homework 1;20;00/00
16;15;12;15;15;18;16;16;16;16;15;19;15;17;18;15;17;17;14;12;15;15;16;14;13;12;17;15;13;14;13;15;15
Homework 2;20;00/00
13;16;15;15;14;16;18;13;14;13;15;18;16;17;16;13;16;19;15;14;15;14;17;16;13;13;17;15;14;16;13;14;13
Homework 3;20;00/00
16;18;12;12;15;15;17;17;13;14;15;17;15;17;16;17;16;17;15;13;14;14;18;14;14;12;15;14;12;14;15;17;16
Homework 4;20;00/00
15;18;15;14;13;17;17;15;15;15;15;18;15;19;16;14;17;18;15;12;15;16;19;16;16;13;16;14;12;12;15;16;16
Homework 5;20;00/00
16;17;12;13;14;17;17;16;14;15;13;16;17;18;18;16;18;18;14;15;16;16;16;14;14;15;16;16;13;13;14;14;17
Homework 6;20;00/00
15;17;15;11;15;18;17;14;17;16;14;17;17;18;16;15;16;18;12;13;15;16;17;14;14;13;17;15;14;16;15;17;17
Homework 7;20;00/00
16;17;12;14;15;18;18;14;15;15;15;19;16;16;18;15;17;16;13;14;12;15;19;16;14;13;17;15;14;12;13;16;15
Homework 8;20;00/00
14;19;13;13;16;16;18;14;13;14;13;18;19;19;17;17;17;16;14;12;13;16;16;15;17;14;15;16;11;13;15;15;16
Homework 9;20;00/00
16;18;14;15;14;16;19;14;13;14;15;19;16;16;15;17;17;16;14;13;14;15;19;16;15;14;15;17;13;13;14;13;14
Catagory
Tests
Test 1;100;00/00
80;94;62;68;84;82;97;77;74;72;85;90;84;84;82;77;76;93;71;63;73;74;99;84;76;64;73;87;60;66;80;78;81
Catagory
Quizes
Quiz 1;30;00/00
24;27;20;19;24;24;23;21;25;19;25;25;22;24;27;24;27;26;22;18;24;27;27;23;21;20;22;21;20;22;22;20;21
Quiz 2;30;00/00
24;25;20;21;24;25;25;25;22;25;23;26;27;27;22;23;25;24;21;19;23;27;27;21;20;23;23;23;17;23;25;24;22
Quiz 3;30;00/00
24;24;18;22;20;26;28;24;23;20;22;27;26;28;27;24;25;24;21;20;24;21;27;20;23;18;26;21;19;21;24;21;20
Quiz 4;30;00/00
20;26;19;20;24;27;29;20;20;20;22;28;27;26;24;26;27;27;22;21;18;24;27;22;22;23;26;26;18;21;21;22;22
Catagory
Classwork
Classwork 1;15;00/00
11;11;9;11;10;11;12;11;9;12;12;12;12;13;12;12;14;14;11;8;9;12;12;12;12;11;12;10;10;11;11;11;12
Classwork 2;15;00/00
10;14;9;11;10;12;12;12;12;9;12;13;14;14;11;11;11;13;10;9;9;12;13;11;10;11;13;12;8;11;11;10;12
Catagory
Attendance
Attendance 1;10;00/00
7;9;7;6;6;7;8;7;8;7;8;7;9;7;8;8;7;8;6;7;6;7;9;7;8;7;8;7;6;6;7;8;8
Attendance 2;10;00/00
8;8;6;7;8;8;8;7;8;6;6;8;7;8;8;8;8;9;7;6;6;8;9;8;8;7;7;8;6;7;7;7;8
Attendance 3;10;00/00
7;7;7;6;7;9;9;7;7;6;7;8;8;9;8;7;8;8;7;7;7;7;8;8;7;6;8;8;5;7;8;7;7
Attendance 4;10;00/00
7;8;6;7;6;8;8;6;7;7;7;9;9;8;7;7;8;9;7;7;7;9;9;8;7;7;7;7;6;7;7;7;8
Attendance 5;10;00/00
7;8;6;5;8;7;8;7;6;6;6;8;8;9;9;7;8;9;6;6;7;7;9;8;6;6;7;7;6;7;6;7;6
Attendance 6;10;00/00
6;9;6;6;8;7;9;8;7;8;6;8;8;8;8;8;9;8;7;7;6;7;8;6;8;7;8;8;6;6;7;8;7
Attendance 7;10;00/00
6;9;6;6;6;8;8;7;7;7;8;9;9;7;7;7;9;9;6;6;7;7;8;7;8;7;7;7;5;6;7;7;6
Attendance 8;10;00/00
7;8;7;6;7;9;8;8;7;6;8;7;8;9;7;8;9;9;7;6;6;7;8;7;8;7;7;7;6;8;8;8;6
Attendance 9;10;00/00
6;8;6;5;6;7;7;8;7;7;7;9;9;7;8;8;8;8;6;6;7;8;9;8;6;7;7;7;6;6;7;7;8
Course
CHM2046
-1;-1;-1;-1;-1;-1;-1;-1;-1;-1;-1;-1;-1;-1;-1;-1;-1;-1;-1;-1;-1;-1;-1;-1;-1;-1;-1;
Assignments
Catagory
Homework
Homework 1;20;00/00
12;12;16;11;17;14;15;14;16;17;15;15;17;16;16;19;17;15;17;15;17;16;14;11;15;14;13
Homework 2;20;00/00
14;12;16;11;16;13;16;14;14;16;13;15;14;18;17;17;18;17;15;12;17;17;13;11;16;14;14
Homework 3;20;00/00
13;13;16;11;16;12;15;13;14;19;13;16;14;18;16;18;18;16;15;13;17;16;13;13;14;12;11
Homework 4;20;00/00
14;12;15;12;17;13;14;11;14;18;14;17;16;17;19;16;15;16;16;12;14;18;15;12;15;13;14
Homework 5;20;00/00
14;14;16;13;16;11;16;12;14;15;14;16;15;17;15;18;15;16;15;13;15;15;15;11;15;12;13
Homework 6;20;00/00
11;12;19;11;18;14;17;13;16;19;16;15;16;17;16;18;15;15;18;13;16;17;14;14;15;13;13
Homework 7;20;00/00
14;14;17;12;16;14;16;12;15;15;14;14;15;17;15;18;18;15;15;15;16;16;14;12;14;15;12
Homework 8;20;00/00
12;12;17;14;15;12;15;13;16;19;13;17;15;18;18;16;15;15;17;13;14;17;13;11;13;15;13
Homework 9;20;00/00
14;14;16;12;17;11;16;13;14;18;14;16;14;17;17;15;17;15;15;13;16;16;16;13;16;14;14
Catagory
Tests
Test 1;100;00/00
70;60;85;60;82;59;73;78;68;96;66;73;72;95;91;89;77;78;85;63;86;83;82;55;80;75;69
Test 2;100;00/00
74;59;83;72;89;68;72;74;77;91;82;84;71;89;82;96;86;93;85;70;81;85;76;61;74;76;62
Catagory
Quizes
Quiz 1;30;00/00
22;17;26;16;27;20;21;20;24;27;19;21;21;28;24;25;24;23;21;19;21;25;20;21;23;21;18
Quiz 2;30;00/00
17;17;27;18;26;19;20;21;24;25;23;24;25;24;27;25;26;26;23;20;22;22;21;21;26;17;20
Quiz 3;30;00/00
17;17;27;18;24;20;22;23;23;26;24;26;25;23;23;27;24;23;24;19;26;26;21;19;25;22;21
Quiz 4;30;00/00
20;19;26;21;28;19;25;22;24;28;21;21;25;27;26;24;24;26;21;19;23;23;23;18;21;18;20
Catagory
Attendance
Attendance 1;10;00/00
6;6;7;6;8;7;6;7;8;8;7;7;8;7;8;9;9;9;7;7;7;8;7;7;8;6;6
Attendance 2;10;00/00
6;5;8;5;8;7;7;6;7;8;7;8;7;7;8;7;8;8;7;7;8;7;6;5;7;6;7
Attendance 3;10;00/00
6;6;8;6;9;7;7;6;7;7;6;8;7;9;8;7;8;8;8;6;7;7;7;6;8;7;6
Attendance 4;10;00/00
6;6;9;5;8;6;6;7;8;9;6;7;7;8;8;8;7;7;8;6;7;8;7;6;8;6;6
Attendance 5;10;00/00
6;7;8;7;7;7;6;6;7;9;7;8;7;8;7;9;7;9;9;6;7;8;8;6;8;5;7
Attendance 6;10;00/00
6;7;9;6;9;7;7;7;8;9;7;7;7;8;8;9;7;8;9;6;8;7;7;5;8;6;5
Attendance 7;10;00/00
6;5;8;7;8;6;8;6;7;8;6;8;7;8;8;9;8;7;8;7;8;8;6;5;7;7;7
Attendance 8;10;00/00
7;6;8;5;8;6;8;7;7;8;7;8;8;9;9;9;8;7;7;6;8;8;8;5;8;7;5
Attendance 9;10;00/00
5;5;8;6;9;6;7;7;8;8;6;7;8;8;8;9;7;7;8;7;8;8;7;6;7;7;7
Course
MAC2313
-1;-1;-1;-1;-1;-1;-1;-1;-1;-1;-1;-1;-1;-1;-1;-1;-1;-1;-1;-1;-1;-1;-1;
Assignments
Catagory
Homework
Homework 1;20;00/00
16;14;17;11;14;14;14;18;16;16;16;14;16;18;17;14;17;13;15;14;12;16;18
Homework 2;20;00/00
17;14;15;14;14;16;17;14;15;15;15;14;17;15;16;14;14;13;16;15;13;16;19
Homework 3;20;00/00
14;16;14;12;14;14;16;17;15;13;19;12;16;18;18;12;15;13;13;13;13;18;16
Homework 4;20;00/00
15;16;17;15;14;14;17;14;16;15;18;13;17;14;19;12;15;12;14;15;15;16;18
Homework 5;20;00/00
15;14;16;11;11;17;14;16;13;13;18;14;15;15;18;13;17;13;14;13;13;19;19
Homework 6;20;00/00
15;16;16;13;11;17;16;17;14;16;17;14;15;18;16;13;16;14;15;13;13;18;18
Homework 7;20;00/00
16;17;16;15;14;16;16;18;14;17;19;16;14;17;19;14;15;13;15;12;14;18;17
Homework 8;20;00/00
17;16;16;13;14;14;14;16;15;13;16;13;17;15;18;12;14;13;13;15;13;19;17
Homework 9;20;00/00
15;17;15;14;11;16;14;17;15;15;16;12;15;15;16;14;14;11;15;15;13;15;17
Catagory
Tests
Test 1;100;00/00
78;78;78;59;60;88;90;79;83;84;94;77;85;83;85;71;72;74;82;69;72;79;84
Test 2;100;00/00
78;81;69;59;59;88;74;85;81;70;86;71;84;83;92;64;74;57;69;61;66;76;98
Catagory
Quizes
Quiz 1;30;00/00
24;23;22;18;21;24;24;26;21;19;28;20;23;27;28;21;23;21;21;17;19;26;24
Quiz 2;30;00/00
24;20;24;21;18;22;26;27;24;24;27;19;27;22;28;21;26;17;24;17;22;25;23
Quiz 3;30;00/00
24;25;22;18;18;21;25;24;25;25;24;21;25;25;27;17;24;18;21;23;18;25;23
Quiz 4;30;00/00
20;24;23;18;21;21;26;27;23;24;28;22;22;23;28;18;26;17;19;19;19;26;25
Catagory
Classwork
Classwork 1;15;00/00
11;11;12;11;9;12;12;11;11;11;14;10;12;11;13;8;11;10;12;11;11;12;13
Classwork 2;15;00/00
10;11;10;10;9;13;11;10;10;11;13;10;11;11;12;10;11;10;10;9;8;11;11
Classwork 3;15;00/00
10;12;11;10;8;13;13;13;11;9;12;12;13;13;13;10;10;8;10;10;9;12;14
Catagory
Attendance
Attendance 1;10;00/00
8;6;7;7;6;7;7;7;8;7;9;6;7;8;7;6;7;7;6;6;6;8;8
Attendance 2;10;00/00
8;7;7;7;6;7;7;9;8;7;8;7;7;9;9;7;8;6;7;6;5;8;8
Attendance 3;10;00/00
8;6;8;7;6;8;8;8;8;6;8;6;8;8;8;6;8;7;8;6;7;9;8
Attendance 4;10;00/00
7;8;6;7;7;7;8;7;8;6;8;8;7;8;8;5;7;6;8;7;6;8;9
Attendance 5;10;00/00
8;7;8;7;7;7;7;7;7;7;8;8;7;7;9;6;8;7;6;7;6;9;9
Attendance 6;10;00/00
7;7;8;6;7;7;8;7;7;8;8;8;8;9;9;6;8;6;7;6;6;9;9
Attendance 7;10;00/00
8;6;8;6;6;8;8;8;8;7;8;6;7;7;9;6;8;5;6;6;7;9;8
Attendance 8;10;00/00
8;7;8;6;6;7;8;8;8;7;8;6;8;9;8;6;8;5;7;7;7;9;9
Attendance 9;10;00/00
8;8;8;5;7;8;7;8;7;6;9;7;7;9;7;6;8;7;8;5;6;8;9
Course
HUM2305
-1;-1;-1;-1;-1;-1;-1;-1;-1;-1;-1;-1;-1;-1;-1;-1;-1;-1;-1;-1;-1;-1;-1;-1;-1;-1;-1;-1;-1;-1;
Assignments
Catagory
Projects
Project 1;50;00/00
36;39;33;46;44;36;45;45;33;40;34;38;42;35;28;45;29;31;35;37;43;37;48;34;41;42;49;47;42;40
Project 2;50;00/00
40;38;34;48;42;38;47;39;34;42;38;40;39;36;34;43;36;34;42;44;38;35;40;38;46;36;44;47;42;37
Catagory
Homework
Homework 1;20;00/00
16;16;14;17;17;17;15;15;15;18;16;12;16;13;13;15;13;15;16;16;16;13;17;14;15;14;19;17;18;16
Homework 2;20;00/00
16;15;14;16;16;15;17;15;15;16;13;13;16;14;15;16;11;12;17;15;16;15;16;13;15;17;16;16;18;14
Catagory
Tests
Test 1;100;00/00
78;66;71;91;80;76;87;86;70;84;78;66;84;70;74;76;68;77;73;84;77;73;94;72;86;71;93;91;86;77
Catagory
Classwork
Classwork 1;15;00/00
11;11;9;13;14;11;13;11;10;11;11;10;11;10;10;14;8;9;11;12;12;12;11;10;13;10;12;13;12;12
Classwork 2;15;00/00
10;11;10;12;11;12;12;12;10;11;12;9;11;9;10;13;10;10;13;12;11;11;13;10;12;13;14;13;14;12
Classwork 3;15;00/00
10;12;10;14;12;12;11;13;12;13;11;10;12;10;9;12;9;9;11;10;13;11;14;10;12;11;13;12;12;11
Classwork 4;15;00/00
10;10;8;13;14;10;13;12;10;12;11;9;12;10;9;11;10;10;10;12;12;10;13;10;12;11;13;14;12;10
Catagory
Attendance
Attendance 1;10;00/00
7;7;6;8;7;9;7;9;8;7;7;7;6;6;7;8;7;6;8;7;8;6;9;6;7;7;8;8;9;8
Attendance 2;10;00/00
6;7;6;9;7;7;8;8;7;8;6;7;8;6;6;9;6;7;7;7;8;6;9;6;8;8;9;8;9;7
Attendance 3;10;00/00
6;7;6;9;8;7;8;8;7;9;7;7;8;7;6;7;6;6;8;8;8;8;9;6;7;8;8;9;8;7
Attendance 4;10;00/00
7;7;7;8;8;8;8;7;8;9;8;7;7;6;6;8;6;6;7;8;9;6;8;6;8;7;9;9;8;7
Attendance 5;10;00/00
6;7;6;8;8;8;9;9;8;9;8;7;8;6;5;8;6;7;8;8;9;7;8;7;8;8;8;9;8;8
Attendance 6;10;00/00
6;7;6;9;8;8;7;8;8;8;7;7;8;6;7;8;6;7;8;7;8;8;9;7;8;8;9;8;8;8
Attendance 7;10;00/00
7;6;7;8;9;7;9;9;8;9;7;6;7;6;6;8;6;5;8;7;9;7;7;5;7;8;9;9;8;8
Attendance 8;10;00/00
7;8;5;9;8;7;8;7;7;9;6;6;6;7;6;7;5;7;8;7;7;7;9;6;8;7;9;8;8;6
Attendance 9;10;00/00
6;8;6;9;9;8;9;8;6;8;8;7;6;7;5;9;5;7;7;8;8;6;8;6;7;8;9;8;8;8
Course
COP3530
-1;-1;-1;-1;-1;-1;-1;-1;-1;-1;-1;-1;-1;-1;-1;-1;-1;-1;-1;-1;-1;-1;-1;-1;-1;-1;-1;-1;-1;-1;-1;-1;-1;
Assignments
Catagory
Projects
Project 1;50;00/00
30;33;40;46;36;41;33;37;30;37;45;39;38;43;32;32;43;41;41;38;47;39;42;41;50;39;44;40;41;36;30;35;38
Project 2;50;00/00
35;28;38;44;44;43;37;42;38;42;48;40;43;47;40;36;41;37;39;36;46;35;44;37;41;42;43;45;42;40;36;30;47
Catagory
Homework
Homework 1;20;00/00
14;13;12;17;16;15;14;17;15;16;16;18;16;17;15;14;15;13;13;12;18;14;17;15;16;14;17;18;14;15;11;12;19
Homework 2;20;00/00
11;13;13;17;15;17;14;15;12;16;15;17;14;18;12;11;14;14;16;14;16;12;15;17;18;16;16;16;13;14;13;12;17
Homework 3;20;00/00
14;11;13;19;15;18;13;15;15;16;16;16;17;18;16;12;17;15;14;14;17;15;15;18;18;13;16;15;14;17;12;11;17
Homework 4;20;00/00
14;14;13;19;16;19;12;16;13;14;19;18;14;17;14;14;15;12;14;15;19;13;17;16;18;13;15;18;16;15;11;12;17
Catagory
Tests
Test 1;100;00/00
61;72;70;94;86;81;61;88;62;91;90;87;79;75;79;74;76;74;70;69;91;74;72;76;84;67;74;79;67;75;64;68;84
Test 2;100;00/00
57;69;78;81;90;91;68;84;66;80;83;76;70;85;74;57;78;75;76;69;85;66;79;78;85;84;89;86;80;85;70;58;81
Course
MAC3473
-1;-1;-1;-1;-1;-1;-1;-1;-1;-1;-1;-1;-1;-1;-1;-1;-1;-1;-1;-1;-1;-1;-1;-1;-1;-1;-1;
Assignments
Catagory
Homework
Homework 1;20;00/00
15;14;18;15;16;13;12;13;15;16;16;12;16;12;16;14;14;11;14;13;16;17;16;17;16;12;14
Homework 2;20;00/00
13;14;18;15;18;14;15;12;15;15;18;14;18;11;17;14;13;12;16;15;19;16;14;14;18;14;14
Homework 3;20;00/00
16;17;17;17;16;14;12;15;14;16;17;14;16;13;16;13;12;12;16;14;16;18;16;15;16;12;15
Homework 4;20;00/00
14;16;18;18;16;13;13;15;14;15;16;13;16;12;14;15;14;12;16;12;18;18;18;13;17;13;13
Catagory
Tests
Test 1;100;00/00
64;71;77;79;79;57;67;63;78;67;89;62;84;71;82;76;82;71;76;64;92;93;81;83;87;63;75
Test 2;100;00/00
77;83;76;80;88;72;67;79;66;76;77;74;80;62;74;76;65;62;70;69;89;93;81;87;78;77;71
Catagory
Quizes
Quiz 1;30;00/00
19;22;24;25;24;19;24;23;24;23;22;17;23;21;24;21;21;21;21;22;26;27;21;21;24;22;20
Quiz 2;30;00/00
22;22;27;23;24;18;22;18;19;21;27;21;25;17;21;20;23;18;19;19;27;24;27;21;25;17;18
Quiz 3;30;00/00
18;22;24;22;21;18;21;19;21;24;25;18;23;18;24;22;22;18;22;18;27;27;26;21;22;21;19
Quiz 4;30;00/00
20;20;26;24;27;18;19;21;21;20;27;19;28;18;25;22;19;19;24;20;26;24;23;24;26;20;20
Course
ENG2300
-1;-1;-1;-1;-1;-1;-1;-1;-1;-1;-1;-1;-1;-1;-1;-1;-1;-1;-1;-1;-1;-1;-1;-1;-1;-1;-1;
Assignments
Catagory
Projects
Project 1;50;00/00
42;32;37;40;41;32;37;41;41;32;30;32;39;46;39;30;31;36;41;42;41;42;39;39;40;38;42
Project 2;50;00/00
47;39;37;45;45;32;38;40;36;33;35;31;42;47;38;34;29;28;46;39;38;43;40;39;34;42;35
Project 3;50;00/00
45;39;35;40;42;34;42;38;33;31;32;33;44;42;34;31;32;32;39;39;39;48;34;40;34;32;35
Catagory
Homework
Homework 1;20;00/00
17;15;15;18;16;12;16;18;17;12;12;12;14;17;15;14;13;13;17;17;19;17;13;13;15;14;16
Catagory
Tests
Test 1;100;00/00
92;64;77;81;90;64;68;93;80;62;65;64;72;82;74;76;69;62;85;91;84;87;65;70;70;74;89
Catagory
Quizes
Quiz 1;30;00/00
29;24;19;25;24;21;23;25;23;21;21;18;26;22;22;23;18;18;25;27;27;23;21;19;19;22;22
Quiz 2;30;00/00
27;22;19;26;24;19;21;26;23;20;17;21;26;25;19;20;19;18;23;25;27;24;21;20;19;24;22
Catagory
Classwork
Classwork 1;15;00/00
12;11;9;13;12;9;10;12;12;8;10;11;12;12;10;10;10;8;12;14;11;13;10;10;10;9;11
Classwork 2;15;00/00
13;10;9;14;12;10;12;13;12;9;10;9;12;13;11;10;9;10;12;13;11;12;10;11;10;12;12
Catagory
Attendance
Attendance 1;10;00/00
9;7;7;8;7;6;7;9;7;6;7;8;7;7;7;6;7;5;9;8;8;8;7;7;6;6;8
Attendance 2;10;00/00
9;8;6;7;7;6;8;9;7;6;7;7;9;8;6;6;7;7;8;7;8;9;6;7;7;8;7
Attendance 3;10;00/00
9;7;7;8;8;7;7;7;8;7;7;6;8;8;6;8;6;7;7;9;8;8;6;7;6;6;8
