HUM2305
91.19;66.33;88.53;63.65;67.07;69.83;81.93;75.95;84.32;70.11;68.64;81.16;66.47;77.29;77.57;80.21;74.02;76.08;68.86;95.57;95.58;73.41;77.83;67.53;95.68;72.19;59.91;90.00;83.49;72.99
Assignments
Category
Projects
Project 1;50;9/1
46;34;43;34;27;31;40;41;42;35;35;47;39;44;39;41;37;36;34;52;51;36;37;34;52;40;30;42;42;34
Project 2;50;10/2
43;35;48;32;37;38;45;40;39;32;32;38;30;37;38;37;33;40;33;43;51;36;45;36;45;37;35;48;43;41
Category
Homework
Homework 1;20;9/1
16;11;20;11;14;13;17;16;17;12;13;18;15;17;16;17;13;16;12;17;18;16;17;15;20;14;14;18;15;17
Homework 2;20;10/2
19;15;17;12;14;12;15;15;16;14;13;15;14;16;15;17;15;15;16;18;18;17;15;14;18;15;14;17;18;17
Category
Tests
Test 1;100;9/17
99;72;86;69;74;74;83;76;89;78;67;79;68;75;83;85;81;82;73;100;94;71;73;62;100;76;57;92;84;67
Category
Classwork
Classwork 1;15;8/23
14;8;13;10;10;10;13;10;13;11;12;14;9;11;13;10;11;12;10;13;15;10;13;11;15;10;8;13;11;12
Classwork 2;15;9/8
14;9;13;8;8;11;11;10;14;10;10;12;10;11;12;10;11;10;11;15;13;12;12;10;15;10;8;13;13;11
Classwork 3;15;9/23
13;9;13;8;11;10;12;12;13;9;12;13;11;11;10;13;10;12;10;14;15;13;11;11;13;10;9;14;13;10
Classwork 4;15;10/8
14;10;14;8;9;10;11;11;11;11;9;11;9;12;10;13;12;11;10;15;15;11;12;11;15;10;8;13;11;12
Category
Attendance
Attendance 1;10;8/16
8;5;9;7;6;7;7;8;7;7;8;7;6;7;8;8;8;7;6;9;9;7;7;7;8;6;5;9;8;7
Attendance 2;10;8/23
8;6;9;5;7;7;9;6;9;6;7;9;6;7;6;7;7;7;7;10;9;7;8;7;9;6;6;9;7;7
Attendance 3;10;8/30
9;6;8;5;6;7;8;8;7;6;7;7;6;8;8;7;7;7;7;8;8;7;9;6;9;8;7;8;8;7
Attendance 4;10;9/7
9;6;10;5;5;7;8;8;9;8;7;8;6;7;8;7;7;6;7;9;9;8;7;7;9;6;5;10;9;8
Attendance 5;10;9/14
8;7;9;6;6;7;8;8;8;6;8;9;6;7;7;8;8;7;6;10;9;9;8;7;9;6;5;9;9;8
Attendance 6;10;9/21
8;6;8;7;7;7;9;7;9;7;7;7;6;7;7;9;6;7;7;10;8;8;8;7;9;7;5;8;9;7
Attendance 7;10;9/28
8;6;10;5;6;6;8;6;8;6;8;8;6;9;7;8;6;7;6;9;9;7;7;6;8;6;7;9;9;8
Attendance 8;10;10/5
8;6;8;7;7;7;7;7;8;7;7;7;6;8;7;8;7;6;6;9;10;7;8;7;9;6;6;10;8;7
Attendance 9;10;10/12
9;5;8;6;7;6;7;6;9;6;6;7;6;8;7;8;8;7;7;9;9;7;7;7;8;6;6;8;8;8
New
