Course
PHY2048
Averages
##
Assignments
// asgn_name;total_points;catagory;deadline
HW1;10;Homework;1/5
// grades
4;7;6;9;9;4;10;7;1;7;1;2;2;6;0;1;6;5;5;5;7;3;2;7;2;6;1;7;9;0;4;9;2
Quiz1;20;Quiz;1/15
17;11;19;18;13;17;14;16;19;12;16;15;14;17;19;15;11;13;13;17;11;17;11;14;20;10;17;13;15;16;18;14;20
HW2;10;Homework;1/18
10;3;9;10;0;1;0;4;6;4;1;10;8;5;0;6;4;9;3;7;4;2;1;2;0;6;6;1;0;3;7;9;6;5
Quiz2;20;Quiz;1/25
13;19;11;15;12;17;17;18;10;15;14;15;12;10;15;10;14;17;10;12;10;12;20;16;20;11;12;15;14;15;20;10;12
Exam1;50;Test;1/30
43;44;42;28;34;30;43;50;28;47;22;38;30;21;21;31;24;20;25;42;27;24;28;36;40;31;46;25;35;31;45;47;36
