ENG2300
60.22;84.38;81.33;95.92;97.60;74.73;75.52;84.95;76.87;93.33;69.28;62.78;78.83;62.27;88.87;73.80;93.25;79.43;77.85;83.97;86.30;91.83;64.52;82.67;87.42;71.75;71.48
Assignments
Category
Projects
Project 1;50;8/26
36;37;44;43;48;35;37;44;41;47;35;35;43;27;48;36;50;37;38;44;42;44;37;39;42;40;33
Project 2;50;9/17
26;46;42;51;52;38;34;45;40;49;34;32;41;28;39;38;49;43;37;43;46;47;29;43;47;35;41
Project 3;50;10/8
34;45;36;52;48;42;42;41;40;42;37;34;44;35;44;40;42;44;42;40;47;50;37;40;44;35;31
Category
Homework
Homework 1;20;9/17
13;18;16;19;18;17;15;17;14;20;14;11;15;13;19;12;17;16;15;18;18;18;14;16;16;13;16
Category
Tests
Test 1;100;9/17
59;84;85;100;98;67;83;91;76;100;66;61;70;68;96;79;100;73;83;79;84;85;58;85;90;75;82
Category
Quizzes
Quiz 1;30;9/1
18;25;21;31;27;25;21;25;25;30;20;17;23;19;25;24;30;23;24;24;24;26;18;24;25;22;19
Quiz 2;30;10/2
16;24;23;27;31;24;21;21;21;30;19;21;26;18;26;20;26;23;22;24;24;30;19;28;24;24;22
Category
Classwork
Classwork 1;15;9/1
7;11;12;14;15;12;10;12;10;13;11;9;10;9;13;11;13;13;12;14;12;13;11;11;13;12;10
Classwork 2;15;10/2
8;12;12;14;14;10;11;12;10;13;10;8;11;10;13;11;14;11;10;13;14;14;8;14;12;9;9
Category
Attendance
Attendance 1;10;8/16
5;8;8;9;10;7;7;7;8;9;7;6;7;6;9;6;8;7;7;8;7;10;5;9;8;6;6
Attendance 2;10;9/7
5;9;8;8;9;8;7;8;7;8;7;5;7;6;8;6;9;8;8;8;7;9;6;8;9;6;7
Attendance 3;10;9/28
6;9;8;8;10;7;7;7;7;9;7;5;8;6;8;6;8;8;7;9;8;10;6;8;9;6;6
New
