MAC2313
Size
23
Weightages
0;20;40;20;10;10;
Averages
75.26;77.30;62.29;90.33;85.22;61.78;79.98;91.17;86.04;73.46;83.71;93.54;88.62;59.94;89.11;59.00;92.90;61.93;95.33;65.10;63.66;86.48;58.43
Assignments
Category
Homework
Homework 1;20;8/19
15;17;12;18;18;14;17;17;19;13;16;19;18;11;16;10;17;11;17;14;12;17;11
Homework 2;20;8/26
16;17;13;18;16;12;17;19;18;17;17;18;15;12;18;10;17;15;18;12;14;15;13
Homework 3;20;9/3
13;14;11;18;17;11;17;20;17;16;15;19;18;10;17;12;19;13;17;15;12;17;13
Homework 4;20;9/10
14;15;11;16;16;13;16;20;16;17;16;17;16;13;17;11;17;15;17;14;11;18;14
Homework 5;20;9/17
13;16;12;20;17;12;18;17;16;15;17;17;16;12;17;12;21;14;17;13;14;18;13
Homework 6;20;9/24
15;14;11;19;18;12;18;18;16;13;17;19;16;12;17;13;20;15;19;14;11;18;10
Homework 7;20;10/1
16;15;12;17;16;14;15;17;15;13;16;19;16;13;20;12;18;11;21;14;13;17;12
Homework 8;20;10/8
17;16;14;17;17;14;16;17;17;16;15;19;16;13;18;13;19;14;17;13;12;17;12
Homework 9;20;10/15
15;15;11;19;17;12;15;17;18;14;17;18;19;13;19;14;19;14;19;12;14;18;14
Category
Tests
Test 1;100;9/1
70;71;72;97;86;57;75;91;81;67;83;100;94;52;94;57;98;59;100;67;61;83;59
Test 2;100;10/2
81;78;60;88;94;63;81;94;92;70;90;98;93;68;86;58;89;59;100;66;72;93;54
Category
Quizzes
Quiz 1;30;8/23
20;25;17;30;24;21;25;27;29;26;22;26;25;20;27;19;28;17;26;21;18;27;20
Quiz 2;30;9/8
24;22;21;28;24;19;22;27;26;21;24;27;27;19;28;21;30;20;31;18;21;26;20
Quiz 3;30;9/23
24;27;19;27;22;17;26;29;24;25;27;27;25;17;30;18;27;18;30;18;18;26;15
Quiz 4;30;10/8
23;25;15;25;28;21;23;30;25;25;27;25;25;21;25;16;26;19;27;22;16;28;18
Category
Classwork
Classwork 1;15;8/26
12;13;8;13;13;10;13;13;14;12;13;14;14;8;12;9;14;9;14;9;8;12;8
Classwork 2;15;9/17
12;12;9;12;13;8;13;13;14;12;13;13;13;9;13;8;15;10;13;8;9;13;9
Classwork 3;15;10/8
11;11;10;12;11;10;11;13;12;10;13;12;13;8;12;9;13;9;15;8;10;13;8
Category
Attendance
Attendance 1;10;8/16
8;8;7;9;7;6;7;8;8;7;7;9;9;5;9;6;8;7;9;6;6;8;6
Attendance 2;10;8/23
8;8;5;9;8;6;7;9;8;8;8;10;9;5;9;6;10;5;9;5;6;7;5
Attendance 3;10;8/30
7;8;7;9;7;6;9;8;8;7;9;10;8;6;9;6;9;7;8;7;7;8;5
Attendance 4;10;9/7
8;7;6;9;9;6;8;8;8;7;8;9;9;6;9;5;10;6;9;6;7;8;5
Attendance 5;10;9/14
7;7;7;8;8;5;8;9;9;8;7;9;9;7;10;6;9;7;9;6;6;8;6
Attendance 6;10;9/21
7;8;6;9;9;7;8;10;9;8;8;9;8;5;8;7;8;6;10;7;6;8;6
Attendance 7;10;9/28
7;7;6;9;7;5;9;9;8;8;7;10;8;5;9;6;10;6;10;6;7;8;6
Attendance 8;10;10/5
6;8;5;9;7;6;9;8;9;7;7;9;9;5;9;5;10;6;9;7;6;8;7
Attendance 9;10;10/12
7;7;5;8;8;6;7;9;8;7;7;10;9;5;8;7;8;6;8;7;6;7;5
New
