MAC3473
93.75;90.88;85.50;82.40;68.92;66.00;62.52;67.12;75.52;79.27;66.95;84.38;60.78;90.02;64.65;70.47;78.42;67.33;64.00;70.15;65.98;74.13;92.12;70.78;80.18;78.83;71.15
Assignments
Category
Homework
Homework 1;20;8/23
17;18;16;18;11;13;11;13;17;16;14;14;10;18;12;14;16;14;13;12;14;16;18;13;15;13;16
Homework 2;20;9/8
17;20;16;18;12;13;14;14;13;14;13;16;13;18;11;15;17;16;12;14;12;16;17;12;14;14;13
Homework 3;20;9/23
20;18;15;17;14;13;14;12;16;15;13;16;11;18;13;15;17;15;13;14;12;14;18;13;15;14;14
Homework 4;20;10/8
19;17;17;17;12;11;14;12;17;13;13;15;13;17;13;12;15;13;14;13;11;16;18;13;15;17;16
Category
Tests
Test 1;100;9/1
90;93;88;79;71;58;62;67;73;83;59;91;61;89;58;77;84;61;73;79;76;72;91;78;85;84;71
Test 2;100;10/2
100;88;87;84;74;77;60;72;74;84;75;85;63;93;75;64;71;69;57;64;62;69;98;66;82;76;67
Category
Quizzes
Quiz 1;30;8/23
28;28;26;25;20;18;19;21;23;24;22;22;16;28;17;21;22;22;20;20;21;25;27;20;21;25;20
Quiz 2;30;9/8
31;25;26;24;19;21;18;18;22;21;18;24;18;24;21;20;24;18;17;19;18;22;25;24;24;24;25
Quiz 3;30;9/23
26;27;24;26;19;21;20;20;25;22;20;26;18;27;20;24;26;23;18;23;17;26;30;22;23;24;22
Quiz 4;30;10/8
26;30;26;21;21;18;19;17;24;21;21;26;19;27;17;20;22;20;17;22;18;25;24;23;24;25;23
New
